2191661240
652668771
79314211
1993647884
2495780578
1317688724
3532329466
2920288481
1238134539
3748230620
4203535102
2373861137
3496488483
2733261591
3130671686
2329279237
2740233237
1638676491
1171411875
2312179595
752011397
1885408489
1696534253
2129274894
2326255528
235671866
196257579
3865860714
703103491
3766351346
2560918120
159993274
3506743722
2362866583
1670490027
591823162
283689013
554359201
34061111
1057574389
2342662634
758296324
3977084184
1932157525
563338353
1792847928
2660976844
4142230456
2310549050
4265592270
20499223
3026618922
3895113566
2279948597
4173283255
1571336246
2122938504
3669467629
4137812275
990137905
4169166498
289826952
433319800
1679450890
752267674
4035653354
445103597
2184907763
1908913065
4203973268
3993700585
728810099
3272651472
265823254
3117701982
43170987
852923481
1024509946
1256597701
2545806080
39768233
509623925
1558444399
1178301684
4100949404
232251730
2497511600
1105286765
1993193629
774711580
2571252292
1105241139
4030588072
3465554850
2351621019
2789946028
1856746282
1915957674
2125220881
234818482
1909967591
555299395
2662211208
2417315995
2959621630
3928356979
653728421
2514860271
241334713
545234041
866917861
2693305645
695516592
2048998163
2000850891
2762968058
4225694056
1879574863
1436238240
1723005141
3167378073
2508876592
1803163856
3390305095
591803982
696843269
2264795289
460973028
846202023
1360026087
1972950784
2994651896
85298938
3396568680
27150643
862737060
4020674681
2001609522
2336711373
1403963123
910725912
2465398781
60816422
1889872539
2558856418
1699333215
4030485634
3029223207
2772114125
2695454753
2482133644
2248400910
2963478300
372625424
2771607799
1563607176
1061283317
2010510693
2116025146
1260298473
1033398491
1226313673
566321672
2642835232
1071505785
482191558
1723582173
2019788013
772572040
2176817261
3660411218
2964937598
1844554391
1093056518
1010700835
2094037876
1362442646
3416837315
456683567
1961793855
2250880938
1134450380
347473822
2261851333
1135830385
59467481
4293220535
2695327385
3028297316
1366177610
163222364
128095276
886345534
4006523420
1110764190
256815086
3191094661
3590192171
1060555235
3189559924
663511154
2098565158
1122479086
432946670
4135443919
3292352611
1890531653
2971333446
1457002066
1651831171
3383057691
639895572
789922328
3095119843
3625440537
1870076191
2163618597
460760669
2301105224
2518019857
3805660289
2556834900
64921305
2871931476
2211210043
2117949785
783187213
3800870593
742721056
3350329256
2735287694
3514286533
1503198824
2040894479
2115621089
522393684
412911122
1981182271
1851629480
1916161237
516338828
16736552
3891837404
1806387339
2542166656
3626323732
2467961714
3810351040
2209237444
121097625
761606531
1450093247
2117583415
1132678798
2710135265
2869968126
310276404
1559958003
816979155
2345785934
2277611846
3493200469
2454347004
3967906424
1872516184
3375361341
2084848967
2465319072
3889269412
3344597239
3199028220
3001325214
2223048755
361025444
3371857680
115070364
168296000
4170452653
2400725398
3446084936
3117338852
2341369452
496090875
233940995
4281418916
1912697064
1436417481
1832860978
3933850005
4276951981
3937126054
4124896895
1538141955
1677017229
3662180095
3984893446
4254506474
3137014681
1204940201
1895190708
4248621040
2336116206
3037446920
298985949
1783470001
1325579323
1301200403
2851697537
2575599631
2002827835
1418013563
2951657692
1730883060
643238405
42063982
730651121
1953915586
56266678
223797227
3543997167
2480792135
4106830758
1445900991
847347334
1848984037
672991720
1993172573
2377556506
333446457
4098996026
3823214918
2655112509
1323922425
3835306740
1531853704
631784112
1118878057
2210874820
1081226059
2475606663
3811928450
536824687
4038621016
1399207920
3592034405
1430869138
2416353506
622375962
1236922990
434791401
1610290532
3903111828
1901741736
3202404858
427343387
1585749169
1637004315
1748217075
1167726333
526978634
2714645163
511666737
3668654570
1809460317
758050479
3066329177
264317912
910438273
2283466171
1605164211
148230995
3010941235
3599514672
302939877
2009737724
748332491
2870896863
2398025967
946633906
3688997514
2507709724
2855893728
4053894885
94658283
3365329914
814260944
723846826
831697794
3233691972
2259383753
1189806584
3142209613
1039763937
3974054964
81626185
2866359384
626453811
1296823405
3746937852
2547078413
2168096315
913891874
3816957260
2678473444
3018176630
652391344
875247349
542003047
1773899529
2227645571
852129895
2977047810
3225708400
1651063611
3965357693
224774925
1898580802
240128519
1006782643
2581779510
3473933931
1063658572
2788696087
4290451221
837299882
3291886262
4099707487
2325522913
1283605049
2814204309
3210971044
2323506977
4200661580
2359333827
2701281693
598062062
2235109941
1402895366
3224397140
995850450
2522375002
961097951
1390822743
1837671706
3102556437
1887608956
2463391833
1724088486
1002295769
776617995
2194875335
3121279702
4037980892
1195040059
1564602702
3473830547
1466987220
4125014264
669081535
1855534495
4075924014
1492277373
3099573868
3033922677
2481804557
1060326645
3404403608
2461681472
4224904570
3074038926
3848634191
4078920417
1047114014
3464805403
2460679323
1007327163
552486030
2280604295
2676401647
2415237284
1752253817
1029052844
723929618
2831155718
1930537790
3479060596
3662400169
1821331002
605799508
1729239585
683180898
2992163441
2819583348
3082037365
1335476020
2119242086
1175172258
3355391673
1864799156
1218536175
1267277230
1372395845
853823089
954262279
2041295352
4249843960
2543314978
2307293094
3473591381
305587361
2631852150
1899736054
803349526
936508537
3546711926
3282353387
1194149402
3890052505
3381989752
267492446
2417892615
736664865
2458698399
1635635990
3006853604
1446690907
1864736285
38384158
4120991687
3611821762
24625677
4003855483
3390730983
213676002
3014704955
2572479757
3117864680
4058554797
2736903379
1390097036
1690677071
4014782471
3298463787
883091969
1899551391
1697904087
1728703132
1454573767
2311469033
1941878723
149971460
2977552684
862118613
3592673852
1950246231
1822222375
3731789663
1728216153
4171762287
115216126
2699171483
75436263
568201825
1107985347
449770145
1339986122
2732323797
1338622822
460552401
2921576802
3502509535
3498426315
680267763
237593989
1831177215
2246812484
41292447
2380306870
3817153825
2543170758
3667013849
936274051
1992299879
3833852423
384922049
510591117
213570410
3218470094
429189394
3480855762
284837374
62625646
4104737624
1793623618
1235666750
790507988
3667313334
3955157641
1263799897
581559299
2941051768
830638370
703390514
3415707026
1966102555
4051949278
3515488202
1441334080
1574804541
2482481246
3500902641
1279947411
157143126
2043061574
3457621218
3564419565
3703639760
3008024326
4117310427
384489782
2753469798
499358365
3224355502
3393778381
666048558
3958438726
4134213891
1558817208
2369473727
1031803436
2518246831
1010831693
2309547519
1761240234
364565250
538872062
984506192
3171640988
3996638207
396004596
4272163719
1119088600
2545661222
2811768430
2918042588
2252763614
2631814167
3040302010
3073125231
1928852687
3290856174
1422168986
628019514
2108543611
2242341470
1659736575
569165378
83781681
2528488098
3826522623
692358861
1021055108
197649601
3423354176
400278151
1963876597
3339206970
3892359537
870946361
1541541473
3408867690
4240799524
1677966914
3580981932
4062299315
3340538655
1291662052
1964285585
2069922516
914739168
81955213
3486918854
1220135946
1072933432
2852214631
506062758
314461851
3802683935
1329726791
3326043037
914114601
2236494717
3980482550
2827865711
2610658614
2614317788
303723134
3775634707
951192638
515025794
1154273160
2621519335
1507191718
3417232289
1727108995
3152189236
3132147144
2014783808
189473611
976477828
3984151051
213779858
3720498831
1334631063
2262282640
555147803
1737637974
1671036468
770544337
3981491840
3032753104
3979679148
2660913665
1829752367
4203050644
2417012784
2774786873
2089340839
2452179324
3038884179
3507235486
2060096629
151783060
1372482296
130951475
2464792317
87232796
1773701516
1048381139
1847336392
1709601012
2713682788
329151364
1584835941
991309754
1217173469
936732241
2314152368
3406926414
2469084536
800377424
2287611358
2894763243
88835464
2354380183
2669636425
1461543354
1321169925
814414516
16567884
2087064998
1079710484
271306690
3199285429
992509505
1208391944
3556801316
2417209156
3013221568
286313014
3903185553
3614147950
3188100018
701653404
3256595091
2445417288
2658661386
3644113929
4283103887
2354985542
1947293073
532190136
68423843
2637570905
852027147
404252972
2191088948
3334434357
905895489
715255818
2399395210
2346048850
1787218119
2659567494
1310516404
3501894495
1937778520
1405610393
1175040084
1243357638
129392243
3027468747
292458915
917617873
2557050131
4234799052
4293350321
3519298546
2946694895
1601133528
1689470353
2474040329
3333119867
2444631570
3411537029
764613679
1852720265
1222536234
3343508385
3042931323
215299620
2852759748
2262695238
852137143
1106236193
658237807
1489252257
3449713484
3542203139
4085651038
811968706
2596523826
264140375
1410235945
162213955
3058856565
3605769073
4021384647
1456469446
1196579209
1261638238
1426637755
3862466117
1645886648
188996742
1123627416
1907437371
4028376715
3342519736
4197190588
913214184
3451830361
620889325
1076131734
1523270438
345367013
1533068141
1799554667
1943781406
656185290
1444921824
2376136441
3941795019
2514469322
3372653401
3730829253
312359552
3260059204
3041489333
3326087721
515421419
2647801689
2412029231
2272560588
3154534430
2266267354
3347682763
4196160341
2608743179
1410328064
159025789
172979862
1593858143
715140886
314680823
2418946527
812845876
2943642925
3013449209
3339736060
2656358142
978851509
2801338268
1745234066
225542647
1908731915
1022292581
41081777
1402873247
840060609
2532119311
2088370139
2817057615
1001366506
1752250119
196058654
3074858085
2848935691
1312160639
2566303421
484118346
3433640784
1313036382
1110167963
1815434968
3158415232
1708983104
131988996
1107824192
3726566772
1705395905
1153712770
1635363198
534541706
1362728684
1530804571
1913916054
1209050118
2266022521
221726531
4002402184
3462774836
3357866237
2078210699
2228376048
2203986604
3100927751
477229021
1019749586
1289246931
1369603537
640193812
1316298794
3172056693
48728306
4065452914
1196806491
3297807448
340003340
608940006
2416865364
2404156081
3924981459
2885120447
3804196217
1293198663
4218931174
1673688686
2439341547
3938615016
2045116229
3582160577
2676142530
517038641
3210492556
3338412216
3569913557
922995856
846430781
695666374
368251224
2178389074
2618115804
361198850
134543481
3639591678
1873791976
650142875
1786104766
4143546548
4266432009
1787621180
3205760988
3041909392
3451237372
3883371050
1682207622
4203023781
3265167947
565708329
1608905780
1363635191
1542327549
3261780143
3599914523
2847634613
52146168
3816624166
1882604976
1307357594
1092722388
860329012
141659651
2301481928
110976831
1998115398
1202283731
3835559067
2415821333
3580129319
3372605972
915065209
990397969
2036360258
3449232700
3872501680
1731262311
1256856768
4098660563
4222504205
1261825787
3032169051
1653158052
2032988602
76634479
2410368241
881326739
4230386668
1870175007
3282514242
964861145
618982038
3550964837
716400880
4236892973
3352425076
2856237869
2705107772
1880370307
3837954240
2543086912
638345433
2913537383
3089855019
3577234329
864073854
3497667877
799520001
3913903426
2088619184
2900121767
2602775689
861819886
582665150
1075467849
1613272829
1102995084
3500695996
4207319062
632527990
3168119989
2388893507
2106157846
1133823208
831390954
2464465897
1002835132
2446271119
3510846755
115321270
3032713181
1692783435
1959584866
2953691867
3726118826
1190896870
1654482989
2503646328
2147362810
2473981713
3907522163
3233147416
3257824269
3212809594
4083163852
1056993895
136126919
4117110653
515015750
3571662284
678401733
2122447876
3780145232
2484235683
4126450000
1361219607
2620690581
3745453767
2644820605
1923261527
2332730594
1877929424
1248433513
3776876601
2959848559
365952687
4126107489
2531696600
4045755346
1142854652
3004845134
499844858
1205502403
184764306
3887544645
4137472281
578374529
434718555
1373510369
2430266197
2785336686
85909230
1487635662
4191870889
4089139145
3546589490
576446659
4019770651
2438168629
718979347
2005386763
1947066790
2548852195
729353276
1390700643
3202755627
117765193
3598757934
4130168267
539633835
3015124653
3634143246
355322958
654825950
713010488
1777764264
3316173447
2507373809
3643335224
3593274492
3747498920
2314754633
1915567099
2372347619
4235947590
3240637551
2301859626
2653858148
875158098
1309983346
3991185342
3888876909
945583645
542464017
3741858739
230543660
1918207800
4156378818
1774609406
4233456014
889733755
97751788
1374855614
540131487
775108111
2511922894
3214114642
1735024816
183665800
71837472
2553920053
1128979047
1732886556
462117199
4178239944
2990632341
2128594326
258858796
2365794064
2124945473
3697563039
3767364604
1236164709
2099436239
1013215450
4148435570
2130920202
1251059547
381792243
1591449280
1612044105
2143590490
1878247313
3988024229
3235930440
1150920580
1120675102
911159706
3943814052
3325383852
132998978
990738779
129060786
2815435027
48315450
3785269745
971826145
1755950026
4228034016
870392648
513872163
3205056832
1136263970
2494472084
1075511248
3336687490
3096668912
1066846465
3344397488
4251339251
1388878144
3150401912
2193553346
1041526077
1940590536
2785530007
355578469
54738836
1482947702
3906295058
992812772
1731211427
665348838
3762254597
1039595297
490769814
4148943493
3253010676
2757336994
2158077195
3783497750
3077100922
4100790708
3375463435
68456995
3452695053
455867005
3700388274
639876803
174101607
1021145380
307042342
1657892932
3006012703
2641553151
2882886654
2157154364
2803104187
2464769700
3501333531
1721370414
4041498125
3990144519
2205939407
3176519762
4279833210
2815242357
1653119009
3069406871
110221800
3261177522
109107391
2285581658
1234266332
3825033818
3624852738
266530832
3558373326
2583228446
2528419849
1992343392
3079294046
2701334289
2453556864
1125480673
3992655839
360449311
3913580670
4031868755
1336762546
3870737797
3636566209
1123154809
3109144924
2830326199
165142677
1194151408
169211390
787079755
289531539
2506030166
389838747
4050307680
1049642932
3023615964
516786779
1731389858
2737536402
249336631
1183713633
2935451420
604040714
1056655976
948793262
2147733457
3439208090
2415394623
1695626019
2365437454
1672755470
1074436754
615479205
1323675573
3689099065
1066897421
4132665046
3071152502
2587845914
2169130395
3728062086
1876960362
3251933408
629953690
3292951932
3315125094
3758102795
1499195980
2849106221
1124317054
2104758051
3452477920
3032133687
1091613900
3421437835
3565132113
3911683929
1058265479
2849998681
945230278
2617638020
4014119705
1000459010
4091769550
2875888245
4031185134
3448221642
1883393297
2816727857
1569767078
2313668147
3557180575
1545260109
2364070345
3642258038
401832484
1397275928
2409550276
1224792973
1852831615
1508410819
3561430122
3509086514
2690491367
3376860674
3883212750
4079803441
206777752
2806480500
2776577926
3065461621
2692623304
1161840583
3520168966
3054285026
3257902129
3974982822
2718187336
1973801602
1026393204
184421791
202007342
90894505
3247238629
2129257810
1569950513
2126971990
3378540708
2077980543
3044208703
3937289629
2148780741
2200075378
652260416
304129973
2997240833
2061423636
3820984388
2936011826
2146242841
79881310
740542949
3200735618
96072597
4241524864
160980073
3804212826
3241587071
2333308711
3696047376
1720615691
2584481555
347898003
2738786890
3596521666
2022262278
1420400998
935566159
2963876448
3220689532
3339451429
4082617175
1100585915
1359310749
2653654923
1686438126
3590903400
12848243
585945242
4231544148
1009991788
2532933346
2468725158
753754302
3877539019
555245127
2857878011
4173657115
2791193812
42912796
2922671783
400266465
1886291437
3080499671
209955017
151280003
597966783
107857719
1361798805
3419932227
91887537
2675612843
2848788703
1502320885
2094987705
615309477
2442680798
3972929201
2290360238
4084241970
2746470011
742967420
1319064198
123151181
3812512789
943090268
1734297922
1727666794
1880218641
2921491554
4095483855
1434563783
3852955871
1869111352
889427591
513157309
2798592025
3899609567
2631939426
1284890332
1864357752
3644395809
3512100786
3724079331
1992190704
2090837779
1381827290
4170730173
3279427070
3231853262
1067264315
201888858
2849315916
2297852986
1178969452
2155394040
2074762856
3107736735
3542367442
358144962
154959150
256277329
1814625898
3132807270
1097953213
550594718
4111880172
708201473
1864475690
2399153713
1913365040
1008033146
3071580584
1283496631
2461907608
2576426061
3821171591
2734255163
3027376266
2195670685
2145566519
2671996837
3422639635
1058469163
3714965637
1480130287
250188785
3215405441
1518164085
2273147453
988727152
311270229
243394852
2780172714
2251266764
1227212189
1562807268
2268817534
3621487588
3763306431
2035733370
1662512083
3268152511
150413866
4002767177
620535875
1527179049
1588642069
3563637030
223968965
807861453
1553633049
506554403
372707735
2322610968
2002365258
4227606102
3658197174
594505824
1320035432
2678706798
749809942
184112358
987325574
2655842945
2647775574
794774668
161908591
2964985517
3196742979
264673458
3449821595
24625831
2670631083
1598264840
1977049643
1958567897
554409448
3031843567
2169167352
2482059459
703088872
1751324991
2931378955
3453598090
4194711187
2290135442
1407649078
4063243719
3050990404
1062217058
704003091
2441160238
2335483568
579481489
3896805565
1962320335
303840649
434900928
1149251175
2308900492
115659273
281843066
1748208005
488700189
2672444793
2500407698
1040673571
2060192655
3807864866
394447330
345690917
2730239499
3910281861
3494398044
2880070472
3023039043
508790363
3581279086
1071935850
2066514271
2486735945
2534317387
2774433179
2425222147
2759975729
2035880830
223421110
2502135997
448366889
183540412
2637698489
3482183559
110136480
3321910075
2407685884
2076947739
1822582222
3487023996
2027828408
3226643760
110261999
932106539
1651850021
748941492
2821734595
2325707130
2832626531
2947841567
1304756094
38695732
3006359222
1526956490
2156634450
1501168324
1759720556
1967161123
3583963024
776530748
4189562267
2134138842
1146314585
1502629446
2899251125
1169875221
750049912
2775765262
633753098
2830935607
325020216
3988202747
648556048
1776053508
3614293063
2884723158
1587933267
2016543896
849991382
2161662368
672130246
968839001
1463507638
3976226659
2899245695
2598027836
1154352309
1643180738
456373006
4196678799
3683999420
3370226474
1018196766
3522866871
1106145235
3917623586
864409237
186438344
3357729228
2808311162
782507511
3726624973
2887306456
3749425665
1355555581
2125675336
259714610
2453370663
3950544971
4065921825
1086839867
2986109427
2723360705
1009403503
558143402
3385069178
12405795
2941648338
4265430445
3594642245
3225536109
2878208784
3634984252
782995184
1561372892
13512286
1958785113
202329270
883527094
3962689314
1526187038
1935882475
1747551462
397689266
1654982406
362982912
2671335286
3011082905
3954516529
677061364
1332645194
2750326134
1694267588
1441112907
1838961032
1324420018
2543204835
1559562792
2101220868
1406752740
1403251051
1781568641
1130319499
473575707
2584297985
307624088
1970386615
1133550842
547139544
708391555
3378906446
1255832390
576371972
3376641832
3729234827
2602465349
267956115
427396236
73450056
2442003465
161455685
2850678877
3919339929
1456310317
1587837110
1650875499
3612507288
1814389038
1093929536
1508264135
2483342953
4133529420
1933382187
1597171010
3106895336
3460992084
1484142079
268966036
22178298
310797513
3324519528
333279582
1422055793
2585856820
1284948636
1800260727
3426010695
3048773927
4232907423
2632554224
325573475
524192852
4294564599
3062892867
3113104514
2019679406
3962035948
2226551423
3642661160
2384683350
4292143411
1522704983
589813263
1193920380
401260998
2780826372
246949016
3780552851
3011545447
3728575472
1021194007
363645951
3818535777
1832319995
3880000333
2256158628
3839850846
1843322032
1685495106
437538281
3156174691
1110276863
1732520017
766809328
62810775
3119626739
2686984445
680894365
364777763
1356439521
3119581058
3384702994
839289647
384234660
1947159028
404105331
3078352936
4109012996
3512279663
1053303490
1176713724
1745803057
1536298721
2718731698
2405769664
273643011
3956316784
4244520571
4171663876
1031361215
4150814287
1388724178
879161361
2587535630
1720111022
594256130
2652945846
793082018
826312536
1826315927
1631978643
423416284
4042875892
3182262415
1922396516
597003100
3644746437
2878141405
847541379
1835931720
2882880332
4194494946
362703423
1332055012
2174632365
1101221847
3040903216
727812449
2113585239
4194135726
3033760236
591625825
2574938831
1970433213
1643668599
382571869
2593715360
3175265053
3898361278
2676616827
937755979
2194348814
2129703767
13982076
249423281
1458499572
2466171193
1718888083
1840051130
190636766
3843452173
3587421914
3484467552
1204540346
304849039
1535323119
1214800451
3841458193
3799213216
1475843347
3197193728
2249014158
3084791603
1280479349
1143092000
866823344
2518281620
3324673600
157181815
1349842141
2835148119
3324820750
929646263
2496795816
3889457005
287032359
2910564343
3536066904
794141526
913062769
3779408326
881795356
2448274885
4021839044
3958219410
3717081121
4249421390
2635784319
1029144130
1509602888
227974326
3532835323
2659599469
2181671775
2357224336
1393535210
813927834
482605651
3509106995
841133639
2287984426
3731065406
2086084295
155471846
287085527
2971036159
540998767
1676913206
4022117979
1501241789
3330713727
3860342303
2670759369
1514086625
193766401
2019607718
3176322828
3358729778
3308428054
4112945203
321127059
2634792916
389214681
1024279226
813214569
2712153404
255263389
172424456
1124417926
1939346963
2282707519
2609431789
356098199
1442911184
199552536
928508982
423446004
4188916841
1759867322
626652398
3950369945
3158221149
3229266138
3259293102
1388394710
29933624
2491941479
3024187565
3710662162
760028221
4047519440
932405513
1841627747
761103202
480603746
878509418
4121646694
2393536111
2636886239
2217618332
396389803
2894428437
2160524005
2691739462
3498358599
3220351151
225665909
3887358618
3793585418
3623028419
3114572612
203207499
2645184553
1352250579
1437506669
1158659489
231489570
357288412
2037990207
1124685082
3549451329
2040516713
3634439909
4146595857
398838104
916666187
4196788908
3134014013
508872887
61408212
4059078612
377476658
209056008
1988500442
4108685893
1465273028
1250087330
598005458
1220912145
63341413
1296123328
3609190708
1246271189
1392429450
2759616977
961820431
4094972483
20033570
2070180270
1483449918
2884009132
2337064490
1212244534
4276679664
1134263513
3377777130
395121168
626607332
2126055404
2305161128
405434379
2442572860
2473389277
316926817
1844379904
3442380650
156870353
2303183642
2466379331
378739788
1234352244
746725585
2345973183
122363337
3558137094
3662221791
3870168508
191787778
963814710
3760981158
2831814480
2411992318
3095930013
3924483470
2140363132
1726961710
2184285759
601518456
64831724
3261064686
4025705710
3683686540
3933528016
2998774145
1393466934
3901497688
1081093710
930542976
2466915177
1268029696
2648562042
2760969256
1366962223
1921086081
2908204712
39271244
2873002756
2827048880
1434017441
1387941038
637338934
2608236875
2478460207
206035688
1013199816
279232019
1201363185
1186866584
1585832938
3078055789
4004588820
4025925564
3325222430
728894627
200408521
3293125825
3715800011
4255733703
3788389236
1835269178
3288844021
4207487407
2483855964
3024359887
1363134385
4175125306
4247178195
1980344743
3406863126
1331597523
4006764440
2274952402
2698612586
3438726528
148099600
1658624144
1617107674
4189261799
1381416125
1529286279
2576238239
864985766
1217954430
2454925164
3807159298
4097207897
995405897
2189059997
1338553041
3988205345
475431857
3003133921
1570382447
2063593157
4157402745
255899065
131746077
810430317
1124766225
889147543
3769478391
3329190785
571787399
805766554
2084868387
830818451
3047625374
917268736
1103393582
3859618397
1917090321
2579663348
1939446490
4112476072
1006242311
3963366331
905551915
1420844158
2937449243
3120741396
2299214509
832952079
1077665399
2095008854
3606071447
2686587137
857136460
1084045346
3688546067
2844375195
1679373941
715443341
1830874101
2744874847
2093907997
3250044013
3113481991
345793793
2313116572
670387091
3069642450
55275820
808322818
658361177
2733091889
3324204435
2677088354
695864256
3596124652
3931000480
931632371
4188534526
4262785782
2101607893
1720576148
3845730885
3652851611
2181182998
299332638
2128845332
3675750882
2284805869
2613912347
1202199169
1238023043
547573834
1919378470
390505619
407004673
3898187378
2454583840
2105964903
1886959310
3541761406
2993869381
1389783751
465322432
572217897
2093648017
2104858502
3485244226
990635171
431338366
1031254392
451870604
2824778489
1605789904
47074117
2474327540
4236206312
2609127344
1198007104
581936509
1092178007
3446610042
2073484398
1204105865
1827779664
3174899521
2744391592
3527357332
876316166
3963446924
1170865540
1896438089
1064513434
2734605151
561181335
1590990674
1046963475
445850268
893023684
3863756031
561870122
3951947959
3735403845
3360265852
2030021753
3307400572
3660068058
2877213177
3233185688
1714431686
3080046894
1949483445
3515266812
714464653
1510951252
2405043202
3229568266
325282912
2386612574
133293104
2819124869
4118759888
2328962888
2867823123
2842575912
490014740
3343428719
3552582330
1449017119
246024048
3630158591
1660840711
2768022449
110888360
3272070704
746259207
1293541548
213116480
2871416282
4220852185
2597675619
1986831679
3172041565
3762493398
376594969
2900941121
2451510329
4250360551
3518620574
2525099606
3323712956
3924228605
860280296
1972558833
3482270183
744052631
3545713051
1521031922
4005889793
883073540
845405743
4167611005
992417332
1785140657
1175124315
601156817
1950180512
949566915
1405524014
2677998388
4007480354
3531405078
3016877950
705310095
1621932408
1574319675
659223646
1427624735
3425657680
350644515
1116689116
2520196277
3159187211
3732902270
2515406618
196434484
3030171536
1366595628
3441284242
3414196051
3529593171
1258604641
1476750175
2553382396
3188886761
2872330487
1108455800
2710748544
3548247029
1321180480
2965152544
1637068647
3670333500
1775473975
259691469
4267000054
4186899027
373523750
2179676590
4205423640
2344222503
1296237180
2707306114
2943533011
3246543172
1744578225
1636909280
265073673
1614652449
2158182847
1031640989
3603141585
2121699471
277298896
637718548
3671251274
2789652110
3182892937
848019442
1962180484
2048578592
1307607975
3532352183
2696340378
654909988
3242344621
3223564468
2391080528
2852189486
3971459740
1854191144
3906742002
4184430164
755907599
1695476959
268644477
176511618
440086070
3134300384
1001558125
1808525783
633877574
46760466
1407522299
975811902
1297406096
2864596264
318470957
1300028597
3032350865
2838540467
3239976254
4043713379
3402090343
2522760517
330358653
3537585033
2362519306
738424212
1817301265
1361317739
731152969
2339170140
4017451053
3149641890
3689311493
3205806123
3694152512
711309631
1876831501
1780728528
3212601124
4180741130
2346760054
3012924947
3178241575
12059685
4176238220
3124201763
2155362200
189503743
3135479
2924128999
3048239716
2029243957
2691555972
2156565296
1794752720
2417657970
2725993476
1858201950
3168457291
910332478
1375354188
4126644894
1028749517
367191853
79320582
2141674791
3586790218
1008848320
3229919496
3754903572
4187088669
2095059301
1140287653
1148319450
1422355165
3128136805
483965986
1169902193
2270890380
2308921390
1975143798
453464621
1812801616
485975650
2539314815
3858012020
2661562324
1080832857
1984639780
1097496534
3369678454
1080864279
3404098521
3543049481
570482694
2331706392
1163194715
1748971877
1429705977
1370561192
1291626525
3213777767
733632395
3775854308
22899742
1558684098
1039591646
2706211738
3712567626
3295133496
812965957
855637315
1226699149
3198228369
3224771152
2111119773
974336194
212831706
155264951
1405616653
3319989951
3655152621
1265427954
2749556152
1824974554
1957231296
617858428
1655635348
1611786612
1011952218
1218236340
993342758
3892482929
698257781
1304998081
1341692253
3331903582
2669038399
4216942885
115970156
3997293629
48461083
2820364051
1965109895
2467675644
3824764749
2963973314
1677492487
92272850
1736131620
602762771
340426221
3547816891
1779102808
2578817584
1059608308
4292368113
3255529541
1554825432
2597275053
4215968849
1981887820
24824655
2773962543
986479661
1444235161
586762387
989431341
1546851893
3208919689
3027867800
3050912892
1652293097
216306079
437790463
3008084777
3065427946
421309132
1811603637
538845729
626450674
193133805
2671303864
3569052653
9815060
2330329054
236007534
4211386646
2909417717
3998000384
2205519771
3224014530
1815071185
981151325
1783713154
2655875271
3934888071
366050992
3591887667
2036710552
708183722
3159451973
316589163
1940318163
3797867276
2261217444
4184164911
2220445239
3491701740
3047882835
4275238442
3706997431
794509835
3259180478
240964339
2871430427
274410820
3049924815
3887238999
4153302224
3570692827
1809205149
1154751665
3802548770
2370957279
761390725
1019619729
179722817
1479169018
2928647506
3260193800
215633418
3092546595
2059822607
1591139216
1822268178
13083108
2552525383
3863418357
3443256120
1586809706
323402622
3723583030
1751258579
3205822427
737395330
1302735535
2685975206
2934157490
3688926900
1767228183
2688503403
3168441469
4125978680
3391135050
2794877802
3624259035
2021403494
3181166741
3544405546
2150244663
2370707263
872844090
3349907046
139131808
2730445866
2969516772
527098907
4114766812
1646701848
177504656
390676759
918428991
1462309229
4193840802
2514832495
2224116694
3033656500
2705100376
2820410597
1983278211
2302236077
3112921768
2693090302
607676643
1822861279
1415266364
3594922045
629679548
999771252
1750339049
1082591406
3424741352
234989608
3159612557
2151860068
2410883363
1907596041
1821872793
2944951087
4036418006
145665705
758267522
638708409
1203786478
4049960707
3938497675
3328647104
167990161
2124579331
431246620
142075089
1038716179
3109388275
3717497599
2702923699
433470426
2623090036
3118687204
1008532052
3290025715
1396208024
173228741
98303833
39332993
1818424535
2487235509
2416112487
588535683
1906373492
2085031298
289619138
1676765834
791470612
4137965497
1322903892
2969437962
3783979470
738912280
1560781865
3338840907
1759737967
561030464
3386118581
2957213446
2421779689
2154298822
2742422825
490121017
856767477
1631472533
1866907685
296697358
3683114118
927112010
1305271272
595245582
2949056205
1057322671
763736490
893459316
3577699401
57130476
3713783135
4145212901
3845395837
1861711546
3581756637
1618130755
3546187910
20161022
2569441708
1808010077
602734942
611743345
4099695489
1245715471
1180315382
116149893
4151795427
1259336873
84793471
2281242213
3192697578
1224731734
3775561520
3388321118
2683636853
241702285
2577402246
3483324483
115294390
845667395
1457497922
3522060261
1755211866
1957944171
270695909
3788208133
1389051665
1082299526
3446663113
376085759
2903767990
3898501532
112876482
4196435535
923506727
469987449
3426177263
1366471565
3487283149
883759338
1436044762
347798769
1954082245
172572140
1062179959
916281120
529954665
1311203566
3660409468
2608602671
2345775719
574863278
393065199
1797339004
3083445783
925495925
1049828488
3410640939
2068316622
3636929898
2478874354
3529785663
1566117149
2233685564
2970503897
3589132006
227578944
3626010368
944357027
983164204
768968941
2859000448
4113523981
3396893421
3172186669
2644075243
440187237
1361441113
711595331
3928348617
672470123
3459564410
3317306045
3406804611
705942877
2432821410
475958998
2107821682
626558296
1419948300
2026938147
1111961497
2391120068
3919956513
610668460
2166148184
2734932788
458185911
4240722193
533498139
2497432505
2766944277
3294493604
3578630919
4198135854
37335172
82036212
3013085727
2461120818
3602920260
3305313660
3678977940
1702495622
3491556417
1702908562
2658944104
2105422677
3517594942
1866798065
1228222511
2224552826
3822887316
1015328840
3497964397
1600945184
19077697
2425908096
2609235232
2128710731
3024019593
374506699
740863857
3165926034
374080003
2078056881
4174335263
3695633921
3332715501
1191212167
2154495513
482707137
1667696690
295738904
3035830598
4131310628
3586293155
3033165360
1814692257
3996184865
3353685414
4263621382
2969680793
3155574650
4192596106
4098808079
4141083014
698850386
1140006098
3894448234
1393843093
910786966
2700791706
1427018693
132489886
1053796967
2619079209
926679102
737585826
3807102374
2414462598
2403284156
3347687518
1275100545
542245428
3423761388
4171207445
1241656487
2117368232
2600751167
449354293
3941650526
3244151531
2294221676
2189756799
4053934394
2523186933
2949165342
4109032510
3125930420
3439224282
1395284120
132055867
505025684
3664071476
192060188
814574985
1130648307
1505938682
1501603715
290479832
890132028
726837979
2827648197
2192596899
2768775860
1251149524
1076168778
2078961444
3280977803
1426282888
4278556086
1143825831
747779090
3909367439
1573021124
4130535245
3362313162
3075452647
2555660764
276390101
1537162594
1338499248
258503807
923516182
1153247976
144452836
4061904473
1164162197
3441990962
3094260294
3196120120
3074769869
1229316201
2220836719
1834585938
1330452164
2112268403
1872440448
3900581200
587625031
4078098477
1183484920
1016403316
4281230839
1795075532
3752008182
3178469831
2772345770
2016638131
2867183100
2359709060
558483619
3826263440
931451650
1619316421
359115016
285670187
3507184683
2933341688
4148322990
138618545
1511729413
501610115
3545270909
2802344194
2919136330
433383675
4175124597
1566561655
4043235952
3463485332
1925023870
1470700098
4242813511
4241135555
3848266917
3404771630
211179472
2572032611
2746810273
408435855
396844247
1027495818
603472308
2318465403
96695117
3703739746
3376154226
1859436584
761787057
3654177736
1110677794
4140731550
1481481458
1226709270
2385790095
1043784640
1871947302
2656248403
1670805091
3211372316
2452576762
3064982393
1263519483
3643862958
623670735
3077775726
1760484801
3384728574
4274012255
1766732673
3642025546
4096168511
386295404
473083012
1527203015
4216293454
1034509905
2080844466
2132960064
1495739183
2027184153
3785247625
4026361816
1512703801
2526206376
1635263924
3689736652
401641639
2108876937
2896971954
3759683111
2501696708
2651575072
1232808079
1061218842
3153309652
2729721174
2602692958
2907697013
1134987513
1762495320
411951792
3065547188
2037071906
481970715
3575399400
3980998504
801823535
1819274491
1156199713
3148436212
533128061
849650634
3872859046
1066337727
2524986869
2780920785
3189985066
1119511043
3825448572
2534794438
3853527025
2491002287
2035667940
208862320
1032583089
2373051572
3237450811
2002991161
225189207
60808770
3194838495
1142032458
1686682778
63532719
4074535173
1667113200
3810248856
857647633
404355946
848052386
582049919
1593432195
2984130353
197177586
646060526
813451096
2712109497
4091449529
3066300962
487449252
3249253852
3202004925
3325006933
1848323229
1945883344
1103465234
1624942762
939186318
1413409679
3986672330
1599179352
1801513491
3472346044
3661273006
1113702186
3536371407
1481641646
4256520941
755897488
1790596112
256232117
581452913
1061052488
1357975920
3089722903
1736314327
3860255601
1087377565
834288847
4231528581
3506560852
1870535649
3013590741
3953335505
1746681476
3895850247
642895524
2991675353
260030679
1223008254
2636364823
2700851535
4006556159
627532729
694755944
3010823088
4250484151
3398799184
3734821376
2744021930
997613198
1639587294
2698303397
895441121
4235754533
2156019027
70054832
1604531949
1678289613
2644745080
1773601863
1784063669
2498922386
2022618989
2263804368
432876397
2318318087
969971595
638579153
4124791905
3685001200
240288072
3256191031
2142057989
2411336897
424045392
1422930030
3565368349
886062296
37910354
2312982663
2822802126
286670365
1656797819
1996621905
3220805128
3548348265
2133245757
3525547865
411426213
331110384
1456653800
2684013371
1793894623
3257512668
2237504071
2562579251
2195471969
1471331596
3674417881
3334947854
522275710
2618386914
4156366389
1726337608
1323148279
2015184375
776491090
2427312786
3644951088
2581425433
2303543282
996063294
607582589
2833737958
1931721530
2327848654
2418112416
3991446876
2303280459
1192404335
220115046
1913786066
4212671949
2494050303
3136514827
1201459047
3620092177
1309979708
326256992
1861201230
2595734045
2455495365
3030785072
3404991876
171494370
2822853654
1979502226
2261725542
2907347816
389830385
4003043406
3648857134
3113724779
3684657465
2782839284
2501469426
4284597032
2030552608
1482357058
2099662733
3051005269
666589801
340198984
3006036810
2835599469
868955183
2013869890
1930245977
2850097984
1256893136
57372191
2577953533
4155911356
2775246716
3761713608
4216014123
87970376
1549574392
2120399520
1377994928
1958023517
4186607275
714692868
862751021
608750510
2943384515
2063014749
3637772947
579601923
900944203
2546810021
3950860502
2440935158
3251090824
2853114763
1414308490
2302746889
2296589074
1522906750
1890747591
3523340262
3356304874
2357908223
3589302895
2721020407
1074235512
3097551116
2928100949
2000179175
2658639321
227649694
2654370821
3404307602
3557157768
2210892680
1467751107
552398390
3796036153
2813929655
3688804486
1963997243
1559497692
3134748045
474892899
3604057568
855298202
3008135387
303616805
2019997049
3033775466
92872290
3873564200
1533285716
1074986838
1051566886
2081531178
2364842509
3672991600
3678804629
68976354
2895616379
2051833587
2405841982
300809856
3361505830
3819651636
4027069725
3156186615
1878462034
1899965412
3063648800
3235173586
1018641221
3061496519
2635552247
552448841
287081939
3086258070
4278443519
2138931153
2323345724
2005777341
1904986935
1165265505
2441265291
2335441429
3242242045
1839271727
3328021140
3566133074
3660756508
2738768622
1178481398
2378978957
2767755193
4189372207
4136897617
2829789284
4162528347
2082752136
2579898627
16956483
3962925700
1569619781
4020564121
4271076723
766855526
995490378
1732622317
2902720477
2696795868
1434749991
150729747
2646515551
2562916680
2240271143
1667205081
79714512
1689589440
3117087367
4755318
692598503
442049807
2940574998
170102498
3384687217
4036832761
2060822222
2247487677
2943308046
2067656462
2474745580
2465118849
2558213674
2162496179
3023089303
1290060439
3598338156
2824866776
1227534718
2640427656
4235566093
2769627217
2525847491
3508427522
1198056673
4181953126
2772769413
89219151
3625853201
2060757138
2137934161
1842082789
2934562676
2015177894
207785858
1917963977
1726697540
331557455
3092242089
1488027019
3593346291
1790332879
1367374869
2546135403
887466040
1729014003
3093588304
3047776009
1753998106
604873493
1899115981
2715486456
3928753458
3842349227
3180381787
1585695198
1969885732
1689487913
1302795955
2750705615
1075747855
4043567738
43125504
27529050
1592817148
988208684
35394959
4261034010
241565277
2214677068
467094466
583538519
1446396384
236573382
634580279
291314217
1435166872
2013788531
3871044240
4148037302
2500149374
1784917340
4137412955
623138654
2024193136
2564563032
540466474
2120101651
347576497
2636092042
971320452
850455008
164481894
3341462066
2540067150
2529039289
978190432
1621298932
3465250534
566113064
1357211622
2770773491
3448058392
3197358556
4008707626
3097334764
2515281220
2440374410
859304790
3172557842
1258011684
2330318305
2566387379
1140519597
3046103402
2816354088
2256101203
411418175
1385064580
277197439
1536146945
3376563094
3948614005
2169657754
2199780472
3927989511
3264897361
2856566052
331538742
4059194035
1863751986
2745383179
1017709460
2713646470
1782288108
686891337
3781924732
2420849493
2202438791
90472724
31455010
3375812225
2675105795
3881224906
2099015956
1019439667
3712678444
1009502799
2736798622
4236535107
2409231091
1033914551
2186143059
2876215693
1919628642
1021862305
1081792633
132015846
2189626422
3797165202
734370640
3633891146
1191044244
3934171425
1677454254
907435149
4200059451
4142311453
1747622672
2073606843
1350297064
1146100234
121518146
2700429059
3625180572
3677681792
3010408985
3717740659
1232566093
2030555254
2801818175
196258865
4153790176
1355435173
2255727538
1071538906
300876017
3760929290
2359087479
3349762194
1296062551
3989283671
3238197794
1443735270
1071032464
3114059882
2587930883
81961687
3358997701
2352935167
191504377
2829332761
3103532123
660532343
1938027745
3581911039
3942340368
3666623361
3329943876
3169661469
1286016469
2713186668
1507806744
2012287875
3616178807
188615970
2502795188
2774957110
1170299143
419203057
3172435879
3166309437
1993667763
3884223990
1282157599
2804786444
506756011
1996253964
50785743
2726813092
4140465564
3564930531
2889850582
4113524019
1317461763
836508762
3438949614
961632112
4119765806
2607526618
1614896028
562211825
2013514258
887004629
508260498
815187219
1376110550
388736573
2590063312
4144766084
3859459283
2637204712
4125813454
6207734
904933110
2206639438
2697547249
1281761370
3025310805
878122423
4130099232
4105524888
2929884695
2240169668
1456472254
2347901544
2889712404
84376848
2078520891
3533753338
454457027
325636711
3987640098
428119587
288877349
1092195864
2727414124
1794206857
1738671841
1479734890
2918180754
2083784112
2612709378
657478687
973919814
2048617421
541764714
434558195
909806968
1853368074
3601310435
3195830174
4177699935
1353227863
129865858
3175477618
2319927547
2911488629
2550128993
1034452754
2487220912
4081881653
1632055087
2068171011
720465947
768963984
358493399
2984482543
1538835728
436585219
104488636
1945640577
2335626828
4256903257
3552998278
3656991910
1193629164
1456339487
2122516930
3515043073
3567969571
2298697910
567537149
1329037882
807099297
1947541196
1638701591
3288420524
13379341
2469431928
205464734
3795945187
69481550
4257297924
3022578265
1692945500
2954535344
2009865942
198615478
1396592286
225203042
4002063285
2466027589
3879525324
1699957072
1588196990
2967987243
3869939235
2647686132
3374801385
3501207102
948841117
1551975862
322005499
400068831
242072006
45534681
3006654566
664285484
3187242550
763086623
1190477715
3823428331
395425069
2529111833
3772815876
3429475905
388146982
2723546672
147219718
1877510978
2019831802
2200990051
3403847887
1653789003
96746658
3104136349
76382814
2960291436
841240818
1291626528
4212798697
3973455252
320536008
481088809
2477910785
3650684953
765679915
1742583375
1825411379
1122063596
1927750928
411511165
3365906428
1833846320
822015875
2671948424
1348385234
3114239487
2948964573
2425899497
4102397320
155901541
1139181331
1090130231
3046985913
499416852
3184615438
599398033
778827298
2891824781
3649552272
1758914500
3763315511
1228725332
2515491517
3990038554
58433849
1948630269
3546012051
923276681
1681074294
351371727
2213964237
1056132359
3582295377
1137562757
3168816971
745678519
566566378
1428481314
1644355532
3906672404
1739422470
270557724
1000264903
2575056400
1488742552
3424903366
2982471392
1222661063
1895118914
1856917366
654290949
3753316305
187382727
1792420138
2070093272
1023109698
3988162168
2469305210
1365655154
1540706135
3761911204
1298218271
1924311860
2248466437
891121357
2151519828
2661774506
3563912867
2200711248
2614967872
3543549892
103284054
2758719759
996583321
665891960
3409095131
2042204885
1150189990
1082342311
1769735606
288879419
1664520370
1212178083
2287351093
6802574
3441195558
3735237620
3593254668
235236367
1915865177
3960546979
2969512842
741492861
2762896441
1962163842
2132682621
3745838808
1038786707
3662077151
1682539641
4238972566
4031270961
1906117413
1545955115
903890614
1600743910
2001466613
1473267949
1850279780
2356446578
1684738772
2552699882
3587832884
4116297591
3923926223
3973450993
1430784680
3086032643
1428213064
417311627
653238756
2028234536
1203606969
386245670
345561246
3059576081
2839409663
1319939101
1684888466
1728314879
2173208954
2888793353
2256033991
3498574101
587001095
933052856
1183157398
12155183
2658911117
399673063
2442786463
4027242844
1437008614
2663179451
3717078520
2207705837
1933246200
2109175069
808860784
3818351686
357954303
3933718509
2546801696
2266434533
1786486039
113084627
1974275918
2185727780
1500099192
3148782976
59695261
2655282127
3413584685
2938779439
1235387931
447494974
847659589
1191823053
4012285284
1397207108
757774302
760732840
3624497089
4136183236
3731006314
2612432758
2502195720
3212495951
3454285353
1133033537
2128811201
2310539217
595700738
2769196435
2174085814
49380557
2566640477
1598106669
338625032
1940083982
4164165908
1969599702
423218830
3729676169
22994737
2767432838
2996505072
593033725
2678269494
1095053796
1504658033
1947641860
3029854085
351211024
195484011
165927301
2585272882
3316635777
189181851
1099367840
4005488321
2949155945
436294174
1049552101
2111130977
2656929742
4074412971
260893876
3294997616
2107707042
2488314935
4285340613
1320697046
2357508861
297958277
2130240083
148449848
2137547392
4145302112
1795266241
3000515262
1310671948
4289412030
2561086658
2524394205
1057422160
2508374358
4133444812
774822139
4164681297
1193085453
2276203824
3046068407
1622651598
2482269240
1554988220
3203669101
2213968023
892392131
1611610244
1879586957
3864175494
4147695987
3685763291
3174888785
4056683088
4093228097
2330165035
2135053923
1079997914
3559404179
2907253685
685439472
2594460137
2163157581
3155591363
2936395394
3764824482
2481404991
272667796
1785898552
3485420500
2697285342
2707037642
3100019402
2113334699
346128276
1500127515
1024471475
1512142522
4054410669
3616423135
9266025
2542927884
2784782280
1010670657
1398981205
2172019883
4012509201
1735073134
178624435
2923259616
3603003193
2369602893
3375964350
3388892535
2512388650
2066612833
3039767626
3375684117
3487040761
2357000628
4039425747
385890303
2094726811
2552537520
1107179128
1751954166
769410800
3411516181
3907320396
1514514789
2623427852
3678848675
4265002124
3309836845
917357297
2173147816
3613446366
534010885
2515322210
387963438
603899270
4110175080
3173870977
3759195439
1438927287
2378072269
539460052
717188295
2990536937
2468382338
3582698419
949237148
2478316711
1365954140
141642300
2910175934
360129593
2471389602
2785512332
3602543786
573183191
394108967
3639442132
1771884560
2229191965
3338571193
1596802180
3083926635
1492142152
2515304607
881995913
2045393152
433287369
2861530666
2181860275
2945911590
2131707600
3438455493
1721342974
2734664950
1745153488
108886877
3027635983
3155583247
963694216
862817108
1642243455
428026928
192772893
180801295
2629791284
163939931
2895691366
373470848
2393156691
3383489564
495152382
1358534881
1990611653
2521497378
654073201
634156688
2641709453
3028930250
60610664
3934648570
1838608768
3778799061
1823006600
256704336
1169920813
467059568
2688159722
72512177
3523513499
1371445561
2817582175
472001135
1383508580
3021320352
4031974678
1985552803
379400968
4281900236
4229968183
3420240718
3629892235
1028768577
4202550528
3013137033
2199338142
1717198318
2563287963
4237920104
3946820877
1460526012
1735523101
3058299928
116438445
2646508552
543920520
2683256421
2590701250
2977724538
1257231577
1581534832
717312174
3955707545
612740884
4125588586
988273926
987060875
4233620421
1450238343
1133888475
3943281172
4176255765
491343370
1523241135
1842547042
2243468214
1137673206
2358506057
2458618288
4057601876
2158719937
584340112
2977419938
2562293818
473351230
2948400909
286010568
2252899874
1320567400
1211630066
3552242002
1845781173
3744973102
1314776884
2776293524
4183200573
3506210801
668564488
3940591504
246535845
3726060718
3376855113
2991595972
1429512409
807353987
3174088856
3908870405
1942877231
1654743385
1596678804
3424849729
3423168744
1474704613
2687488871
3554359985
1397144986
3859877137
2071146137
3437637126
188349023
3252372916
144837476
4245577346
3643756166
2442740442
1948597655
3929686051
3978832744
692422001
1343100288
1184835809
3640146901
2359726535
1379280363
2648956011
4060204034
288807597
4156069949
746142599
4212683907
242452994
1413597264
1668019619
3429435423
3933351349
1743045829
1474488319
1518285824
3979975042
2956301268
1264263047
35737159
3075227807
744775465
2772371303
4067254447
3444170820
1393399657
3772303428
2445762171
2862502727
1102974893
2718075598
2974515351
1564582858
1157949523
3402794891
886844769
3525829325
2359050979
1831361512
2677760349
1105825420
3792607465
3173870390
3621526219
1362867548
1304286164
3188606556
3919602392
3726298114
4190979883
2207950611
4030000207
3023640878
667110024
1873521000
955954489
3619827858
2983274808
1663760397
2272854894
3452598069
378908552
4187698869
1103401870
3852480991
2040153386
1473760783
1564295267
2466833172
1509540929
3850072458
3801527777
605553177
3532979754
971848126
334656732
2175549289
3329067492
4014422868
2839676275
3212895623
1859229320
973603177
2702104786
1136460791
2128226957
1593130664
483139475
359281184
3627836128
1347184923
3855440858
511365922
2837396991
1880922608
2861799853
3334704249
1951647999
1725396867
1142522167
2085303189
3341531766
132841395
542304002
3545068536
1502886130
1754870963
2624816512
258808607
1046162583
1504152893
2436843269
1356273503
3370991437
2459654867
1120569054
2599167570
1088654460
1171266599
622291724
725874586
1747990031
490652029
881819805
678581284
506130436
2762558714
967377701
1623215124
996385288
3407339277
2308709551
3294085928
4135129483
295915140
2639840315
3292956040
1376952618
49671902
3097920571
4100100431
3616062955
4019284786
374620335
2749507051
2113331432
4048315054
1977103385
3400164879
3513031223
1833493651
4097741867
3913246002
2509621444
4027885704
1082225066
32819073
3120431470
595865938
1182665286
225880761
29496359
2088592158
2258351390
339401462
1669182236
2885314873
3716779207
1297013189
1756649160
854983214
3350943119
3598084349
1155948893
2908369996
786940347
2522891552
1619718651
477209078
2181397006
1731866242
1711834072
3104553055
1456281836
4088105262
1908376144
3515414718
3597809344
2295338863
1842543555
378243531
2396138694
1154924404
3232881042
1057301988
2609249651
467849530
1302882155
3204283639
224294088
3154292355
3160963579
3595793395
2420769874
1386148421
1926671577
853252109
562593745
2982390195
2639488104
3653443911
2362615936
988242687
2821966944
1258334839
3548489698
3224785886
3254005309
2059734694
3934293183
1680749377
3436521527
308869641
797120615
1559007047
2337621620
643049176
3998326920
1880873427
1055478188
520672483
2025872614
532655798
2063114191
2941284358
2250548663
1528883300
1500261905
3969603531
3474840562
4172324617
1537750119
538781257
2893932707
4185901643
639467935
1050827247
617353479
2479617698
1418420512
4088575073
1770106423
2984894250
2620214048
1443281086
2183004613
2388382933
1612731993
3439860443
4098103532
2093576680
618431454
2717150905
1939537107
284081448
1632871077
2263816434
3504163750
3805082572
41211011
2156154379
2952672322
2624872452
337219609
1253096185
3455382565
2071483538
2847076113
1977290648
3330268882
668610697
1879885614
1472217795
2821236615
1373475378
4015183624
2693787201
120629229
4160376408
1850066925
3670738209
3902067476
2352698873
2853563588
970164453
483295863
2627660103
1244789029
4073469648
1204887220
3576587546
1644288983
4224330825
2196082987
2142709299
678785037
3741676801
748757402
2047012624
3235910187
198147755
2230215152
232607558
1353066677
1066717849
1982532702
1680808127
1974791202
1502392463
4110494267
4245134648
758297646
3061544817
2706388248
4290770208
2876205286
708136945
4049924874
2596131725
758701205
492805488
4099528166
821054400
1364640718
1057984246
339936341
1223735635
3852254002
2576970625
3706439136
2619487880
1216914188
2229854797
4193990867
3280711332
3053388725
316540400
32202337
2693196409
893774181
679333609
3528727990
2539349071
747073652
3245967893
201852021
3172689267
3028280198
3949742072
3348962318
3351435856
3343606925
607944941
1414682569
1564144811
195163429
321148928
2226285164
3821326413
2941385002
258900058
2454745073
1606926565
640426517
772445019
2130217692
1287522387
1821973587
4232547983
1019323343
1631097695
2200243440
4177904626
2932170527
1504985111
4116801010
3397272890
1852908190
2303949009
413242958
2453115211
248859147
448880979
1080874823
1955763005
986467695
1845505622
3772509700
2408186625
3718006936
342578617
140948840
649780522
3337515925
3353888481
1000254889
287389928
2472420107
1184834376
3771112273
765165858
202049139
152702676
3207537645
1785665016
1764514625
2140227067
1163152244
1249142093
3017521389
1753950893
3875466962
3271075909
2987429874
1442817831
1640393865
967305374
3537720899
1045457262
808312990
3658107019
149838860
2729093534
4071997522
3984986846
2867437779
951660877
4257301104
3426878091
1296283456
1537621040
2335270601
2158158776
3454217942
457674750
2126567586
4008660803
3585162607
1368761127
3921827858
4061954097
2302475064
3119864162
3192440602
3703252238
1090671888
3507480900
2862087137
2060539475
4171542175
1569274812
2801733267
2183738994
4244490510
3884954259
4085209785
1641610837
3651975694
1434836632
3416749396
1037302201
4096595995
1263122561
3427534813
3836820000
3785206470
3114335489
1449438058
2288756870
2311919549
3831512717
1419158080
4002549528
4053749021
1317444854
922765061
3753113380
4249734355
3467049776
3363711522
1801105556
3969656524
1205921925
3342806513
1149772153
2463976459
727712491
2404348836
1257078105
2637390444
1438079643
2412971620
4158551877
3282864069
4009134925
2120926834
555257437
862504450
1019436209
3001133093
1038673627
2454053556
1789215708
1379303982
1794821878
851085039
3435365996
932024980
3031488176
1636148950
3207704007
1664100907
2084709101
1172910587
2939336788
2923776373
21970550
4229266039
1628600582
1082205095
3409785882
2985836358
2193269905
997875220
3974161477
2350245164
2870640237
4015430158
2417903045
2378664014
3527503790
1381037659
2222531763
2212981279
1415350581
1354028802
2658608978
3963038532
681835311
1732358708
2036114525
3917444031
1107389808
415252644
570461355
211817819
1337583166
2275774478
912688218
4010536431
3186414826
3146011005
638795004
3920207259
3988219060
4288298498
1628213111
3375625025
2679689812
3829210476
3692660303
2168948395
2193724488
1535719170
2375613110
2938043727
2511493505
2121824452
595384199
3219753205
1807958431
2354345648
1402636339
309998109
3057063365
4045621360
3652775519
